MEMORY
  total            14.2 MB
  struct          159.0 KB
  buffer           24.5 KB
  arena            14.0 MB, used 0.2%

SIZES
  narena                14680064
  nbuffer               25056
  nplugin               0
  maxuse_stack          3176
  maxuse_arena          30384
  maxuse_con            3
  maxuse_efc            16
  solver_nisland        1
  ncon                  0
  ne                    0
  nf                    0
  nl                    3
  nefc                  3
  nJ                    42
  nA                    0
  nisland               0
  threadpool            0

TIMER
    0:  duration =  0.11       number = 1
    1:  duration =  0.1        number = 1
    2:  duration =  0          number = 0
    3:  duration =  0.056      number = 1
    4:  duration =  0.011      number = 1
    5:  duration =  0.0026     number = 1
    6:  duration =  0.025      number = 1
    7:  duration =  0.0058     number = 1
    8:  duration =  0.02       number = 1
    9:  duration =  0.0062     number = 1
    10:  duration =  0.014      number = 1
    11:  duration =  0.013      number = 1
    12:  duration =  0.00047    number = 1
    13:  duration =  0.01       number = 1
    14:  duration =  0.0033     number = 1

SOLVER STAT
  solver_nisland = 1
  solver_fwdinv =   0         0       
  ISLAND 0
    solver_niter = 1
    solver_nnz = 196
      0:  improvement =  6.6e+05     gradient =  6.7e-14     lineslope =  0       
          nactive = 2   nchange = 0   neval = 2   nupdate = 0

ENERGY =   0         0       

TIME =  12      

QPOS
  -0.7     
  -0.88    
   0.5     
   0.69    
  -0.078   
  -0.088   
  -0.71    
   0.096   
   1.3     
  -0.52    
  -0.53    
   0.54    
  -0.59    
  -0.52    
   0.53    

QVEL
   0.8     
   0.5     
  -0.7     
   0.4     
  -0.35    
  -1.2     
  -2.4     
  -0.96    
   0.17    
  -1.3     
  -0.4     
   3.3     
  -0.71    
  -0.83    

QACC_WARMSTART
  -14      
  -17      
  -8.2     
  -31      
   36      
   1e+02   
  -52      
  -6.2e+02 
  -29      
  -1e+02   
  -5.8e+02 
  -71      
  -64      
  -37      

CTRL
  -0.41    
  -0.25    
  -0.35    
   0.21    
  -0.17    
  -0.68    
   0.055   
  -0.45    

QFRC_APPLIED
   0       
   0       
   0       
   0       
   0       
   0       
   0       
   0       
   0       
   0       
   0       
   0       
   0       
   0       

XFRC_APPLIED
   0         0         0         0         0         0       
   0         0         0         0         0         0       
   0         0         0         0         0         0       
   0         0         0         0         0         0       
   0         0         0         0         0         0       
   0         0         0         0         0         0       
   0         0         0         0         0         0       
   0         0         0         0         0         0       
   0         0         0         0         0         0       
   0         0         0         0         0         0       
   0         0         0         0         0         0       
   0         0         0         0         0         0       
   0         0         0         0         0         0       
   0         0         0         0         0         0       

QACC
  -14      
  -17      
  -8.2     
  -31      
   36      
   1e+02   
  -52      
  -6.2e+02 
  -29      
  -1e+02   
  -5.8e+02 
  -71      
  -64      
  -37      

XPOS
   0         0         0       
  -0.71     -0.88      0.5     
  -0.71     -0.88      0.5     
  -0.51     -1.1       0.55    
  -0.29     -1.3       0.59    
  -0.71     -0.88      0.5     
  -0.51     -0.69      0.46    
  -0.23     -0.62      0.45    
  -0.71     -0.88      0.5     
  -0.91     -0.69      0.46    
  -1.2      -0.62      0.44    
  -0.71     -0.88      0.5     
  -0.91     -1.1       0.55    
  -1.2      -1.1       0.56    

XQUAT
   1         0         0         0       
   0.7      -0.078    -0.084    -0.71    
   0.7      -0.078    -0.084    -0.71    
   0.74     -0.083    -0.08     -0.66    
   0.59     -0.099     0.52     -0.6     
   0.7      -0.078    -0.084    -0.71    
   0.49     -0.054    -0.1      -0.86    
   0.45     -0.3      -0.032    -0.84    
   0.7      -0.078    -0.084    -0.71    
   0.86     -0.098    -0.06     -0.49    
   0.83     -0.014    -0.35     -0.44    
   0.7      -0.078    -0.084    -0.71    
   0.5      -0.054    -0.1      -0.86    
   0.51      0.2      -0.17     -0.82    

XMAT
   1         0         0         0         1         0         0         0         1       
  -0.014     1        -0.0072   -0.97     -0.012     0.23      0.23      0.01      0.97    
  -0.014     1        -0.0072   -0.97     -0.012     0.23      0.23      0.01      0.97    
   0.11      0.99     -0.0072   -0.97      0.11      0.23      0.23     -0.017     0.97    
  -0.27      0.62      0.74     -0.82      0.25     -0.51     -0.5      -0.75      0.44    
  -0.014     1        -0.0072   -0.97     -0.012     0.23      0.23      0.01      0.97    
  -0.51      0.86     -0.0072   -0.84     -0.5       0.23      0.19      0.12      0.97    
  -0.42      0.77      0.47     -0.74     -0.6       0.32      0.53     -0.21      0.82    
  -0.014     1        -0.0072   -0.97     -0.012     0.23      0.23      0.01      0.97    
   0.5       0.86     -0.0072   -0.84      0.49      0.23      0.2      -0.11      0.97    
   0.37      0.73     -0.57     -0.71      0.62      0.33      0.59      0.28      0.75    
  -0.014     1        -0.0072   -0.97     -0.012     0.23      0.23      0.01      0.97    
  -0.5       0.86     -0.0072   -0.84     -0.49      0.23      0.19      0.12      0.97    
  -0.4       0.76     -0.5      -0.9      -0.43      0.067    -0.17      0.48      0.86    

XIPOS
   0         0         0       
  -0.71     -0.88      0.5     
  -0.61     -0.98      0.53    
  -0.4      -1.2       0.57    
  -0.22     -1.4       0.34    
  -0.61     -0.79      0.48    
  -0.37     -0.66      0.45    
   0.0084   -0.59      0.3     
  -0.81     -0.78      0.48    
  -1        -0.65      0.45    
  -1.4      -0.6       0.26    
  -0.81     -0.98      0.53    
  -1        -1.1       0.55    
  -1.4      -1.2       0.43    

XIMAT
   1         0         0         0         1         0         0         0         1       
  -0.014     1        -0.0072   -0.97     -0.012     0.23      0.23      0.01      0.97    
  -0.51      0.5      -0.7      -0.32      0.64      0.7       0.8       0.58     -0.17    
  -0.45      0.44     -0.78     -0.37      0.7       0.61      0.81      0.57     -0.15    
  -0.63      0.74     -0.24     -0.76     -0.51      0.4       0.17      0.44      0.88    
   0.5       0.49     -0.72     -0.65     -0.33     -0.68     -0.57      0.81      0.15    
   0.18      0.17     -0.97     -0.83     -0.51     -0.24     -0.53      0.85      0.05    
   0.25      0.47     -0.85     -0.94      0.32     -0.099     0.22      0.82      0.52    
  -0.5       0.51      0.7      -0.64      0.32     -0.7      -0.58     -0.8       0.17    
  -0.17      0.19      0.97     -0.83      0.5      -0.25     -0.53     -0.84      0.065   
  -0.25     -0.57     -0.78     -0.94      0.33      0.066     0.22      0.75     -0.62    
   0.49      0.5       0.72     -0.33     -0.65      0.68      0.81     -0.57     -0.15    
   0.17      0.18      0.97     -0.5      -0.83      0.25      0.85     -0.53     -0.051   
   0.25     -0.5      -0.82     -0.94      0.067    -0.33      0.22      0.86     -0.46    

XANCHOR
  -0.71     -0.88      0.5     
  -0.51     -1.1       0.55    
  -0.29     -1.3       0.59    
  -0.51     -0.69      0.46    
  -0.23     -0.62      0.45    
  -0.91     -0.69      0.46    
  -1.2      -0.62      0.44    
  -0.91     -1.1       0.55    
  -1.2      -1.1       0.56    

XAXIS
   0         0         1       
  -0.0072    0.23      0.97    
   0.63      0.76     -0.17    
  -0.0072    0.23      0.97    
   0.25     -0.94      0.22    
  -0.0072    0.23      0.97    
   0.25      0.94     -0.22    
  -0.0072    0.23      0.97    
   0.25     -0.94      0.22    

GEOM_XPOS
   0         0         0       
  -0.71     -0.88      0.5     
  -0.61     -0.98      0.53    
  -0.4      -1.2       0.57    
  -0.22     -1.4       0.34    
  -0.15     -1.5       0.095   
  -0.61     -0.79      0.48    
  -0.37     -0.66      0.45    
   0.0084   -0.59      0.3     
   0.25     -0.57      0.15    
  -0.81     -0.78      0.48    
  -1        -0.65      0.45    
  -1.4      -0.6       0.26    
  -1.6      -0.58      0.086   
  -0.81     -0.98      0.53    
  -1        -1.1       0.55    
  -1.4      -1.2       0.43    
  -1.7      -1.3       0.3     

GEOM_XMAT
   1         0         0         0         1         0         0         0         1       
  -0.014     1        -0.0072   -0.97     -0.012     0.23      0.23      0.01      0.97    
  -0.51      0.5      -0.7      -0.32      0.64      0.7       0.8       0.58     -0.17    
  -0.45      0.44     -0.78     -0.37      0.7       0.61      0.81      0.57     -0.15    
   0.079     0.97     -0.24     -0.9       0.17      0.4       0.43      0.19      0.88    
  -0.27      0.62      0.74     -0.82      0.25     -0.51     -0.5      -0.75      0.44    
   0.5       0.49     -0.72     -0.65     -0.33     -0.68     -0.57      0.81      0.15    
   0.18      0.17     -0.97     -0.83     -0.51     -0.24     -0.53      0.85      0.05    
  -0.16      0.51     -0.85     -0.89     -0.44     -0.099    -0.42      0.74      0.52    
  -0.42      0.77      0.47     -0.74     -0.6       0.32      0.53     -0.21      0.82    
  -0.5       0.51      0.7      -0.64      0.32     -0.7      -0.58     -0.8       0.17    
  -0.17      0.19      0.97     -0.83      0.5      -0.25     -0.53     -0.84      0.065   
   0.22      0.58      0.78     -0.9       0.43     -0.066    -0.38     -0.69      0.62    
   0.37      0.73     -0.57     -0.71      0.62      0.33      0.59      0.28      0.75    
   0.49      0.5       0.72     -0.33     -0.65      0.68      0.81     -0.57     -0.15    
   0.17      0.18      0.97     -0.5      -0.83      0.25      0.85     -0.53     -0.051   
  -0.18      0.54      0.82     -0.62     -0.71      0.33      0.77     -0.45      0.46    
  -0.4       0.76     -0.5      -0.9      -0.43      0.067    -0.17      0.48      0.86    

CAM_XPOS
  -0.72     -3.9       0.75    

CAM_XMAT
   1         0         0         0         2.2e-16  -1         0         1         2.2e-16 

LIGHT_XPOS
   0         0         1.3     

LIGHT_XDIR
  -0         0        -1       

SUBTREE_COM
  -0.72     -0.91      0.45    
  -0.72     -0.91      0.45    
  -0.37     -1.2       0.45    
  -0.29     -1.3       0.43    
  -0.22     -1.4       0.34    
  -0.26     -0.66      0.39    
  -0.13     -0.62      0.36    
   0.0084   -0.59      0.3     
  -1.1      -0.66      0.37    
  -1.3      -0.62      0.33    
  -1.4      -0.6       0.26    
  -1.2      -1.1       0.49    
  -1.3      -1.2       0.48    
  -1.4      -1.2       0.43    

CDOF
   0         0         0         1         0         0       
   0         0         0         0         1         0       
   0         0         0         0         0         1       
  -0.014    -0.97      0.23      0.054    -0.0043   -0.015   
   1        -0.012     0.01      0.00082   0.05     -0.022   
  -0.0072    0.23      0.97      0.01     -0.016     0.0038  
  -0.0072    0.23      0.97     -0.19     -0.21      0.047   
   0.63      0.76     -0.17     -0.046     0.16      0.55    
  -0.0072    0.23      0.97      0.21     -0.21      0.052   
   0.25     -0.94      0.22      0.056    -0.11     -0.53    
  -0.0072    0.23      0.97      0.21      0.18     -0.04    
   0.25      0.94     -0.22     -0.048    -0.1      -0.5     
  -0.0072    0.23      0.97     -0.19      0.18     -0.044   
   0.25     -0.94      0.22      0.048     0.13      0.49    

CINERT
   0         0         0         0         0         0         0         0         0         0       
   0.0092    0.0091    0.0084   -0.00011  -0.00026  -0.00036   0.0052    0.0072    0.016     0.33    
   0.00079   0.0011    0.0013    0.00056  -0.00038   0.00027   0.0045   -0.003     0.0029    0.039   
   0.0035    0.005     0.0073    0.0035   -0.0016    0.0013    0.013    -0.01      0.0046    0.039   
   0.018     0.02      0.032     0.016     0.0043   -0.0043    0.034    -0.031    -0.0074    0.068   
   0.00091   0.00093   0.0016   -0.00076  -7.9e-05  -8.2e-05   0.0046    0.0046    0.0011    0.039   
   0.0026    0.0055    0.0079   -0.0036    3.4e-05   1.4e-05   0.014     0.0097   -3.5e-05   0.039   
   0.0091    0.041     0.045    -0.016     0.0088    0.0034    0.05      0.021    -0.011     0.068   
   0.00094   0.00064   0.0014    0.00061   3.1e-05  -7e-05    -0.0032    0.0047    0.001     0.039   
   0.0027    0.0045    0.0071    0.0033   -0.00012   7.8e-05  -0.012     0.0099   -0.00028   0.039   
   0.01      0.036     0.039     0.014    -0.01      0.0041   -0.046     0.021    -0.013     0.068   
   0.00075   0.00085   0.0011   -0.00047   0.00029   0.00026  -0.0033   -0.0029    0.0028    0.039   
   0.0022    0.005     0.0063   -0.0027    0.0013    0.00082  -0.013    -0.008     0.0039    0.039   
   0.0086    0.035     0.042    -0.016    -0.0019   -0.00086  -0.047    -0.023    -0.0014    0.068   

ACTUATOR_LENGTH
  -77      
   81      
   18      
   1.9e+02 
  -78      
  -77      
   81      
  -94      

actuator_moment
----------------
             x  |
              x |
       x        |
        x       |
         x      |
          x     |
           x    |
            x   |
----------------

ACTUATOR_MOMENT
    12:  1.5e+02 
    13:  1.5e+02 
     6:  1.5e+02 
     7:  1.5e+02 
     8:  1.5e+02 
     9:  1.5e+02 
    10:  1.5e+02 
    11:  1.5e+02 

CRB
   0         0         0         0         0         0         0         0         0         0       
   0.069     0.16      0.2      -0.0016    0.0004    0.0045    4.9e-17   6.9e-17  -9.1e-18   0.91    
   0.022     0.026     0.041     0.02      0.0023   -0.0028    0.051    -0.044     9.9e-05   0.15    
   0.021     0.025     0.039     0.019     0.0027   -0.0031    0.047    -0.041    -0.0028    0.11    
   0.018     0.02      0.032     0.016     0.0043   -0.0043    0.034    -0.031    -0.0074    0.068   
   0.013     0.047     0.054    -0.02      0.0087    0.0033    0.068     0.035    -0.0095    0.15    
   0.012     0.046     0.053    -0.019     0.0088    0.0034    0.063     0.031    -0.011     0.11    
   0.0091    0.041     0.045    -0.016     0.0088    0.0034    0.05      0.021    -0.011     0.068   
   0.014     0.041     0.047     0.018    -0.01      0.0041   -0.061     0.035    -0.012     0.15    
   0.013     0.041     0.046     0.017    -0.01      0.0042   -0.058     0.031    -0.013     0.11    
   0.01      0.036     0.039     0.014    -0.01      0.0041   -0.046     0.021    -0.013     0.068   
   0.012     0.041     0.05     -0.02     -0.00035   0.00021  -0.063    -0.034     0.0053    0.15    
   0.011     0.04      0.049    -0.019    -0.00064  -4.2e-05  -0.06     -0.031     0.0025    0.11    
   0.0086    0.035     0.042    -0.016    -0.0019   -0.00086  -0.047    -0.023    -0.0014    0.068   

QM
   0.91    
   0         0.91    
   0         0         0.91    
   0.049    -0.0039   -0.014     0.17    
   0.00075   0.045    -0.02      0.0031    0.072   
   0.0091   -0.014     0.0035    0.0045    0.00025   0.2     
   0.019     0.023    -0.0053    0.0046    0.0058    0.02      1       
  -0.014     0.0098   -0.0083   -0.0088    0.0072   -0.00062   5.2e-18   1       
  -0.01      0.039    -0.0092   -0.0016    0.0058    0.032                         1       
   0.009     0.0061    0.016     0.016     0.0067   -0.0013                       -7.7e-18   1       
  -0.01     -0.038     0.0088   -0.0017   -0.0067    0.031                                             1       
  -0.011     0.0063    0.014    -0.015     0.0061    0.0016                                           -2.2e-18   1       
   0.01     -0.039     0.0091    0.0017   -0.006     0.032                                                                 1       
   0.0096   -0.0013   -0.016     0.016     0.0067    0.0014                                                                2.5e-18   1       

QLD
     0:  0.9     
     0:  0.0021     1:  0.88    
     0:  0.0042     1:  0.015      2:  0.9     
     0:  0.29       1: -0.033      2: -0.077      3:  0.17    
     0:  0.01       1:  0.62       2: -0.28       3:  0.043      4:  0.071   
     0:  0.046      1: -0.069      2:  0.017      3:  0.023      4:  0.0017     5:  0.2     
     0:  0.019      1:  0.023      2: -0.0052     3:  0.0045     4:  0.0058     5:  0.019      6:  1       
     0: -0.014      1:  0.0097     2: -0.0083     3: -0.0087     4:  0.0071     5: -0.00062    6:  5.2e-18    7:  1       
     0: -0.01       1:  0.038      2: -0.009      3: -0.0015     4:  0.0057     5:  0.032      8:  1       
     0:  0.0089     1:  0.006      2:  0.016      3:  0.016      4:  0.0066     5: -0.0013     8: -7.6e-18    9:  1       
     0: -0.01       1: -0.037      2:  0.0086     3: -0.0016     4: -0.0066     5:  0.03      10:  1       
     0: -0.011      1:  0.0062     2:  0.014      3: -0.015      4:  0.0061     5:  0.0016    10: -2.2e-18   11:  1       
     0:  0.01       1: -0.038      2:  0.009      3:  0.0016     4: -0.0059     5:  0.031     12:  1       
     0:  0.0096     1: -0.0013     2: -0.016      3:  0.015      4:  0.0066     5:  0.0014    12:  2.5e-18   13:  1       

QLDIAGINV
   1.1     
   1.1     
   1.1     
   6       
   14      
   5.1     
   0.99    
   0.99    
   0.98    
   0.99    
   0.98    
   0.99    
   0.98    
   0.99    

B: body-dof matrix
----------------
 xxxxxxxxxxxxxx |
 xxxxxxxxxxxxxx |
 xxxxxxxx       |
 xxxxxxxx       |
 xxxxxxxx       |
 xxxxxx  xx     |
 xxxxxx  xx     |
 xxxxxx  xx     |
 xxxxxx    xx   |
 xxxxxx    xx   |
 xxxxxx    xx   |
 xxxxxx      xx |
 xxxxxx      xx |
 xxxxxx      xx |
----------------

B_rownnz              14 14 8 8 8 8 8 8 8 8 8 8 8 8

B_rowadr              0 14 28 36 44 52 60 68 76 84 92 100 108 116

B_colind              0 1 2 3 4 5 6 7 8 9 10 11 12 13 0 1 2 3 4 5 6 7 8 9 10 11 12 13 0 1 2 3 4 5 6 7 0 1 2 3 4 5 6 7 0 1 2 3 4 5 6 7 0 1 2 3 4 5 8 9 0 1 2 3 4 5 8 9 0 1 2 3 4 5 8 9 0 1 2 3 4 5 10 11 0 1 2 3 4 5 10 11 0 1 2 3 4 5 10 11 0 1 2 3 4 5 12 13 0 1 2 3 4 5 12 13 0 1 2 3 4 5 12 13

C: reduced dof-dof matrix
----------------
 x              |
 xx             |
 xxx            |
 xxxx           |
 xxxxx          |
 xxxxxx         |
 xxxxxxx        |
 xxxxxxxx       |
 xxxxxx  x      |
 xxxxxx  xx     |
 xxxxxx    x    |
 xxxxxx    xx   |
 xxxxxx      x  |
 xxxxxx      xx |
----------------

C_rownnz              1 2 3 4 5 6 7 8 7 8 7 8 7 8

C_rowadr              0 1 3 6 10 15 21 28 36 43 51 58 66 73

C_colind              0 0 1 0 1 2 0 1 2 3 0 1 2 3 4 0 1 2 3 4 5 0 1 2 3 4 5 6 0 1 2 3 4 5 6 7 0 1 2 3 4 5 8 0 1 2 3 4 5 8 9 0 1 2 3 4 5 10 0 1 2 3 4 5 10 11 0 1 2 3 4 5 12 0 1 2 3 4 5 12 13

mapM2C                0 2 1 5 4 3 9 8 7 6 14 13 12 11 10 20 19 18 17 16 15 27 26 25 24 23 22 21 35 34 33 32 31 30 29 28 42 41 40 39 38 37 36 50 49 48 47 46 45 44 43 57 56 55 54 53 52 51 65 64 63 62 61 60 59 58 72 71 70 69 68 67 66 80 79 78 77 76 75 74 73

D: dof-dof matrix
----------------
 Dxxxxxxxxxxxxx |
 xDxxxxxxxxxxxx |
 xxDxxxxxxxxxxx |
 xxxDxxxxxxxxxx |
 xxxxDxxxxxxxxx |
 xxxxxDxxxxxxxx |
 xxxxxxDx       |
 xxxxxxxD       |
 xxxxxx  Dx     |
 xxxxxx  xD     |
 xxxxxx    Dx   |
 xxxxxx    xD   |
 xxxxxx      Dx |
 xxxxxx      xD |
----------------

D_rownnz              14 14 14 14 14 14 8 8 8 8 8 8 8 8

D_rowadr              0 14 28 42 56 70 84 92 100 108 116 124 132 140

D_colind              0 1 2 3 4 5 6 7 8 9 10 11 12 13 0 1 2 3 4 5 6 7 8 9 10 11 12 13 0 1 2 3 4 5 6 7 8 9 10 11 12 13 0 1 2 3 4 5 6 7 8 9 10 11 12 13 0 1 2 3 4 5 6 7 8 9 10 11 12 13 0 1 2 3 4 5 6 7 8 9 10 11 12 13 0 1 2 3 4 5 6 7 0 1 2 3 4 5 6 7 0 1 2 3 4 5 8 9 0 1 2 3 4 5 8 9 0 1 2 3 4 5 10 11 0 1 2 3 4 5 10 11 0 1 2 3 4 5 12 13 0 1 2 3 4 5 12 13

mapM2D                0 2 5 9 14 20 27 35 42 50 57 65 72 80 2 1 4 8 13 19 26 34 41 49 56 64 71 79 5 4 3 7 12 18 25 33 40 48 55 63 70 78 9 8 7 6 11 17 24 32 39 47 54 62 69 77 14 13 12 11 10 16 23 31 38 46 53 61 68 76 20 19 18 17 16 15 22 30 37 45 52 60 67 75 27 26 25 24 23 22 21 29 35 34 33 32 31 30 29 28 42 41 40 39 38 37 36 44 50 49 48 47 46 45 44 43 57 56 55 54 53 52 51 59 65 64 63 62 61 60 59 58 72 71 70 69 68 67 66 74 80 79 78 77 76 75 74 73

mapD2M                0 15 14 30 29 28 45 44 43 42 60 59 58 57 56 75 74 73 72 71 70 90 89 88 87 86 85 84 99 98 97 96 95 94 93 92 106 105 104 103 102 101 100 115 114 113 112 111 110 109 108 122 121 120 119 118 117 116 131 130 129 128 127 126 125 124 138 137 136 135 134 133 132 147 146 145 144 143 142 141 140

QDERIV
     0:  0          1:  0          2:  0          3:  0          4:  0          5:  0          6:  0          7:  0          8:  0          9:  0         10:  0         11:  0         12:  0         13:  0       
     0:  0          1:  0          2:  0          3:  0          4:  0          5:  0          6:  0          7:  0          8:  0          9:  0         10:  0         11:  0         12:  0         13:  0       
     0:  0          1:  0          2:  0          3:  0          4:  0          5:  0          6:  0          7:  0          8:  0          9:  0         10:  0         11:  0         12:  0         13:  0       
     0:  0          1:  0          2:  0          3:  0          4:  0          5:  0          6:  0          7:  0          8:  0          9:  0         10:  0         11:  0         12:  0         13:  0       
     0:  0          1:  0          2:  0          3:  0          4:  0          5:  0          6:  0          7:  0          8:  0          9:  0         10:  0         11:  0         12:  0         13:  0       
     0:  0          1:  0          2:  0          3:  0          4:  0          5:  0          6:  0          7:  0          8:  0          9:  0         10:  0         11:  0         12:  0         13:  0       
     0:  0          1:  0          2:  0          3:  0          4:  0          5:  0          6:  0          7:  0       
     0:  0          1:  0          2:  0          3:  0          4:  0          5:  0          6:  0          7:  0       
     0:  0          1:  0          2:  0          3:  0          4:  0          5:  0          8:  0          9:  0       
     0:  0          1:  0          2:  0          3:  0          4:  0          5:  0          8:  0          9:  0       
     0:  0          1:  0          2:  0          3:  0          4:  0          5:  0         10:  0         11:  0       
     0:  0          1:  0          2:  0          3:  0          4:  0          5:  0         10:  0         11:  0       
     0:  0          1:  0          2:  0          3:  0          4:  0          5:  0         12:  0         13:  0       
     0:  0          1:  0          2:  0          3:  0          4:  0          5:  0         12:  0         13:  0       

QLU
     0:  0          1:  0          2:  0          3:  0          4:  0          5:  0          6:  0          7:  0          8:  0          9:  0         10:  0         11:  0         12:  0         13:  0       
     0:  0          1:  0          2:  0          3:  0          4:  0          5:  0          6:  0          7:  0          8:  0          9:  0         10:  0         11:  0         12:  0         13:  0       
     0:  0          1:  0          2:  0          3:  0          4:  0          5:  0          6:  0          7:  0          8:  0          9:  0         10:  0         11:  0         12:  0         13:  0       
     0:  0          1:  0          2:  0          3:  0          4:  0          5:  0          6:  0          7:  0          8:  0          9:  0         10:  0         11:  0         12:  0         13:  0       
     0:  0          1:  0          2:  0          3:  0          4:  0          5:  0          6:  0          7:  0          8:  0          9:  0         10:  0         11:  0         12:  0         13:  0       
     0:  0          1:  0          2:  0          3:  0          4:  0          5:  0          6:  0          7:  0          8:  0          9:  0         10:  0         11:  0         12:  0         13:  0       
     0:  0          1:  0          2:  0          3:  0          4:  0          5:  0          6:  0          7:  0       
     0:  0          1:  0          2:  0          3:  0          4:  0          5:  0          6:  0          7:  0       
     0:  0          1:  0          2:  0          3:  0          4:  0          5:  0          8:  0          9:  0       
     0:  0          1:  0          2:  0          3:  0          4:  0          5:  0          8:  0          9:  0       
     0:  0          1:  0          2:  0          3:  0          4:  0          5:  0         10:  0         11:  0       
     0:  0          1:  0          2:  0          3:  0          4:  0          5:  0         10:  0         11:  0       
     0:  0          1:  0          2:  0          3:  0          4:  0          5:  0         12:  0         13:  0       
     0:  0          1:  0          2:  0          3:  0          4:  0          5:  0         12:  0         13:  0       

CONTACT
EFC_TYPE
  3
  3
  3

EFC_ID
  2
  4
  5

EFC_J
   0         0         0         0         0         0         0        -1         0         0         0         0         0         0       
   0         0         0         0         0         0         0         0         0        -1         0         0         0         0       
   0         0         0         0         0         0         0         0         0         0        -1         0         0         0       

EFC_POS
  -0.042   
  -0.0097  
  -0.018   

EFC_MARGIN
   0       
   0       
   0       

EFC_FRICTIONLOSS
   0       
   0       
   0       

EFC_DIAGAPPROX
   1       
   1       
   0.98    

EFC_KBIP
   2.8e+03   1.1e+02   0.95      0       
   2.8e+03   1.1e+02   0.95      0       
   2.8e+03   1.1e+02   0.95      0       

EFC_D
   19      
   19      
   19      

EFC_R
   0.052   
   0.052   
   0.052   

ACTUATOR_VELOCITY
  -11      
  -70      
  -2.9e+02 
   7.7e+02 
   68      
  -45      
   8e+02   
   6e+02   

CVEL
   0         0         0         0         0         0       
  -0.7      -1.2      -2         0.95      0.67     -0.62    
  -0.7      -1.2      -2         0.95      0.67     -0.62    
  -0.69     -1.6      -3.9       1.3       1.1      -0.71    
   2.5       2.3      -4.8       1.1       1.9       2.1     
  -0.7      -1.2      -2         0.95      0.67     -0.62    
  -0.7      -1.1      -1.6       1         0.58     -0.59    
  -0.78     -0.8      -1.6       1         0.61     -0.43    
  -0.7      -1.2      -2         0.95      0.67     -0.62    
  -0.74      0.024     3.1       2.1       1.6      -0.83    
   0.28      3.8       2.3       1.9       1.2      -2.8     
  -0.7      -1.2      -2         0.95      0.67     -0.62    
  -0.7      -1.2      -2.1       0.96      0.66     -0.61    
  -0.82     -0.77     -2.2       0.94      0.6      -0.84    

CDOF_DOT
   0         0         0         0         0         0       
   0         0         0         0         0         0       
   0         0         0         0         0         0       
   0        -0         0        -0.44     -0.2      -0.9     
   0         0        -0        -0.00052  -0.62     -0.69    
   0        -0         0         0.8      -0.91      0.22    
  -0.7       0.7      -0.17      0.32     -0.5       0.14    
   3.2      -2.6       0.5       0.094     0.34      0.14    
  -0.7       0.7      -0.17      0.31     -1.3       0.62    
  -1.7      -0.23      0.93     -0.028    -0.84     -0.99    
  -0.7       0.7      -0.17      1.2      -1.4       0.35    
  -3         0.64     -0.7       0.74     -0.28      1.6     
  -0.7       0.7      -0.17      1.2      -0.57     -0.13    
  -2.2      -0.38      0.97     -0.75     -0.12     -1.1     

QFRC_BIAS
   0.45    
   0.75    
   9.4     
   0.13    
   0.1     
   0.68    
   0.25    
   0.082   
  -0.12    
   0.14    
   0.27    
   0.1     
   0.055   
  -0.09    

QFRC_SPRING
   0       
   0       
   0       
   0       
   0       
   0       
   0       
   0       
   0       
   0       
   0       
   0       
   0       
   0       

QFRC_DAMPER
   0       
   0       
   0       
   0       
   0       
   0       
   1.9     
  -5.1     
  -0.45    
   0.3     
  -5.3     
  -4       
   0.074   
   0.46    

QFRC_GRAVCOMP
   0       
   0       
   0       
   0       
   0       
   0       
   0       
   0       
   0       
   0       
   0       
   0       
   0       
   0       

QFRC_FLUID
   0       
   0       
   0       
   0       
   0       
   0       
   0       
   0       
   0       
   0       
   0       
   0       
   0       
   0       

QFRC_PASSIVE
   0       
   0       
   0       
   0       
   0       
   0       
   1.9     
  -5.1     
  -0.45    
   0.3     
  -5.3     
  -4       
   0.074   
   0.46    

EFC_VEL
  -5.1     
   0.3     
  -5.3     

EFC_AREF
   6.5e+02 
  -6.3     
   6.1e+02 

SUBTREE_LINVEL
   0         0         0       
   0         0         0       
   0         0         0       
   0         0         0       
   0         0         0       
   0         0         0       
   0         0         0       
   0         0         0       
   0         0         0       
   0         0         0       
   0         0         0       
   0         0         0       
   0         0         0       
   0         0         0       

SUBTREE_ANGMOM
   0         0         0       
   0         0         0       
   0         0         0       
   0         0         0       
   0         0         0       
   0         0         0       
   0         0         0       
   0         0         0       
   0         0         0       
   0         0         0       
   0         0         0       
   0         0         0       
   0         0         0       
   0         0         0       

ACTUATOR_FORCE
  -0.41    
  -0.25    
  -0.35    
   0.21    
  -0.17    
  -0.68    
   0.055   
  -0.45    

QFRC_ACTUATOR
   0       
   0       
   0       
   0       
   0       
   0       
  -53      
   31      
  -26      
  -1e+02   
   8.2     
  -67      
  -62      
  -38      

QFRC_SMOOTH
  -0.45    
  -0.75    
  -9.4     
  -0.13    
  -0.1     
  -0.68    
  -51      
   26      
  -26      
  -1e+02   
   2.6     
  -71      
  -62      
  -37      

QACC_SMOOTH
   1.4     
  -0.49    
  -7.5     
   7.2     
   14      
   15      
  -51      
   25      
  -26      
  -1e+02   
   2.3     
  -70      
  -61      
  -37      

EFC_B
  -6.8e+02 
   1.1e+02 
  -6.1e+02 

EFC_FORCE
   6.5e+02 
   0       
   5.9e+02 

EFC_STATE
  1
  0
  1

QFRC_CONSTRAINT
   0       
   0       
   0       
   0       
   0       
   0       
   0       
  -6.5e+02 
   0       
   0       
  -5.9e+02 
   0       
   0       
   0       

QFRC_INVERSE
   0       
   0       
   0       
   0       
   0       
   0       
   0       
   0       
   0       
   0       
   0       
   0       
   0       
   0       

CACC
   0         0         0         0         0         0       
   0         0         0         0         0         0       
   0         0         0         0         0         0       
   0         0         0         0         0         0       
   0         0         0         0         0         0       
   0         0         0         0         0         0       
   0         0         0         0         0         0       
   0         0         0         0         0         0       
   0         0         0         0         0         0       
   0         0         0         0         0         0       
   0         0         0         0         0         0       
   0         0         0         0         0         0       
   0         0         0         0         0         0       
   0         0         0         0         0         0       

CFRC_INT
   0         0         0         0         0         0       
   0         0         0         0         0         0       
   0         0         0         0         0         0       
   0         0         0         0         0         0       
   0         0         0         0         0         0       
   0         0         0         0         0         0       
   0         0         0         0         0         0       
   0         0         0         0         0         0       
   0         0         0         0         0         0       
   0         0         0         0         0         0       
   0         0         0         0         0         0       
   0         0         0         0         0         0       
   0         0         0         0         0         0       
   0         0         0         0         0         0       

CFRC_EXT
   0         0         0         0         0         0       
   0         0         0         0         0         0       
   0         0         0         0         0         0       
   0         0         0         0         0         0       
   0         0         0         0         0         0       
   0         0         0         0         0         0       
   0         0         0         0         0         0       
   0         0         0         0         0         0       
   0         0         0         0         0         0       
   0         0         0         0         0         0       
   0         0         0         0         0         0       
   0         0         0         0         0         0       
   0         0         0         0         0         0       
   0         0         0         0         0         0       

